-0.2861734087892126,
 -0.313555167655344,
 0.586733760504468,
 3.03998138435504,
 2.84868739167151,
 -0.158865413324109,
 0.838171059695283,
 -0.305911253062989,
 0.136755334634574,
 1.08177471596641,
 0.190786327883502,
 1.5668774255322,
 -1.30640941349475,
 2.26176814575887,
 0.423097107924194,
 -2.81495527212603,
 -0.167123648653546,
 0.553622965928464,
 0.508003349261596,
 0.211775623706417,
 0.0646674259598163,
 -0.0647297817750691,
 0.538367835706474,
 0.0176433176942548,
 0.514390499805726,
 -0.970921953770246,
 -0.131954102166244,
 0.0729624479316428,
 -0.0140555877367227